Z,N,A,EB_LDM
8,8,16,122.0383505
8,9,17,128.4381002
9,8,17,125.022471
8,10,18,138.1899074
9,9,18,136.9502044
10,8,18,130.9943577
8,11,19,142.4763285
9,10,19,147.2791114
10,9,19,143.5025348
11,8,19,131.1465988
8,12,20,150.0425633
9,11,20,153.9380215
10,10,20,159.059562
11,9,20,146.0344547
12,8,20,134.2334949
8,13,21,152.5999519
9,12,21,162.0286731
10,11,21,166.2613851
11,10,21,162.1363328
12,9,21,149.6535163
9,13,22,166.7898824
10,12,22,176.6328419
11,11,22,174.1830752
12,10,22,168.0426112
10,13,23,181.8890444
11,12,23,185.0646959
12,11,23,180.6020759
13,10,23,168.5011842
10,14,24,190.2636693
11,13,24,192.4194799
12,12,24,196.095367
13,11,24,183.1648096
14,10,24,171.7528141
11,14,25,201.2611507
12,13,25,203.9309034
13,12,25,199.1403737
14,11,25,186.8895616
10,16,26,200.5897808
11,15,26,206.8576448
12,14,26,214.799731
13,13,26,211.292396
14,12,26,204.8973542
11,16,27,213.9805205
12,15,27,220.8381069
13,14,27,222.6143219
14,13,27,217.5045219
15,12,27,205.5087069
11,17,28,218.0818709
12,16,28,229.8692381
13,15,28,230.5393366
14,14,28,232.957705
15,13,28,220.0070228
11,18,29,223.7413394
12,17,29,234.373362
13,16,29,239.9886094
14,15,29,241.3111268
15,14,29,235.8898514
16,13,29,223.7247832
11,19,30,226.5603873
12,18,30,241.832196
13,17,30,246.2778599
14,16,30,252.5898826
15,15,30,248.140194
16,14,30,241.4412502
17,13,30,223.9817265
11,20,31,230.9620431
12,19,31,245.016008
13,18,31,254.1196848
14,17,31,259.2759354
15,16,31,259.824193
16,15,31,254.0985274
17,14,31,242.0989386
12,20,32,251.1174702
13,19,32,258.9946762
14,18,32,268.8528649
15,17,32,268.2276786
16,16,32,269.5291745
17,15,32,256.4774018
18,14,32,245.3512809
12,21,33,253.1564404
13,20,33,265.444876
14,19,33,274.0928897
15,18,33,278.1812789
16,17,33,278.3171906
17,16,33,272.2936161
18,15,33,260.1105554
12,22,34,258.0764964
13,21,34,269.0883187
14,20,34,282.1906841
15,19,34,285.0566735
16,18,34,289.9414623
17,17,34,284.6375888
18,16,34,277.6009352
13,22,35,274.3243876
15,20,35,293.5023916
16,19,35,297.1754016
17,18,35,296.6269025
18,17,35,290.3113813
19,16,35,278.228838
15,21,36,299.038484
16,20,36,307.2149834
17,19,36,305.4398338
18,18,36,305.7323915
19,17,36,292.5214704
16,21,37,313.0834622
17,20,37,315.8208108
18,19,37,314.8928756
19,18,37,308.2909194
20,17,37,296.0149423
16,22,38,321.7278575
17,21,38,323.2005176
18,20,38,326.813874
19,19,38,320.7247412
20,18,38,313.3274104
17,22,39,332.1624742
18,21,39,334.5194892
19,20,39,332.97676
20,19,39,326.0934865
21,18,39,313.8696688
16,24,40,333.7981926
17,23,40,338.2716776
18,22,40,344.9576724
19,21,40,342.145835
20,20,40,341.514391
21,19,40,328.1019712
16,25,41,337.3880389
18,23,41,351.3709531
19,22,41,352.8952146
20,21,41,350.9995896
21,20,41,343.8397692
22,19,41,331.4157534
16,26,42,343.6955472
18,24,42,360.4895521
19,23,42,360.7150015
20,22,42,363.1794425
21,21,42,356.3601133
22,20,42,348.5866374
16,27,43,346.3282318
18,25,43,365.7492534
19,24,43,370.1247773
20,23,43,371.2970968
21,22,43,368.8419363
22,21,43,361.4100314
23,20,43,349.0013821
16,28,44,351.6498921
18,26,44,373.6874369
19,25,44,376.7369439
20,24,44,382.0834574
21,23,44,378.3250527
22,22,44,376.8379536
23,21,44,363.1926678
18,27,45,377.9127
19,26,45,384.9465031
20,25,45,388.9750426
21,24,45,389.3965625
22,23,45,386.6102368
23,22,45,378.910435
24,21,45,366.2971569
18,28,46,384.7899217
19,27,46,390.4730956
20,26,46,398.5100033
21,25,46,397.6050264
22,24,46,399.0189157
23,23,46,391.5142628
24,22,46,383.3543998
18,29,47,388.0836141
19,28,47,397.6023838
20,27,47,404.2977332
21,26,47,407.4081192
22,25,47,407.5009694
23,24,47,404.1998827
24,23,47,396.236125
25,22,47,383.6096963
18,30,48,394.0030401
19,29,48,402.1491047
20,28,48,412.7039245
21,27,48,414.4663769
22,26,48,418.595062
23,25,48,413.9631327
24,24,48,411.6764526
25,23,48,397.7747765
19,30,49,408.3019552
20,29,49,417.4939115
21,28,49,423.1238042
22,27,49,425.9111418
23,26,49,425.3197364
24,25,49,421.7055443
25,24,49,413.4815497
26,23,49,400.6477525
19,31,50,411.9608151
20,30,50,424.8777819
21,29,50,429.140215
22,28,50,435.8154867
23,27,50,433.8750435
24,26,50,434.3188002
25,25,50,426.1660445
26,24,50,417.6132361
19,32,51,417.2276102
20,31,51,428.7626056
21,30,51,436.7587628
22,29,51,442.0740395
23,28,51,444.0272792
24,27,51,443.1265194
25,26,51,439.0344926
26,25,51,430.5537789
27,24,51,417.6843782
19,33,52,420.0790861
20,32,52,435.2170512
21,31,52,441.8281188
22,30,52,450.8975129
23,29,52,451.4848371
24,28,52,454.4953727
25,27,52,449.0501066
26,26,52,446.0106306
27,25,52,431.8347521
20,33,53,438.2778562
21,32,53,448.501166
22,31,53,456.1936121
23,30,53,460.5416379
24,29,53,462.1917296
25,28,53,460.6616514
26,27,53,456.2717378
27,26,53,447.5376398
28,25,53,434.4593577
20,34,54,443.8843488
21,33,54,452.7067592
22,32,54,464.0316469
23,31,54,466.9982907
24,30,54,472.4267557
25,29,54,469.5292536
26,28,54,469.0696751
27,27,54,460.3001754
28,26,54,451.3504909
22,33,55,468.4489975
23,32,55,475.05532
24,31,55,479.1086295
25,30,55,479.9942898
26,29,55,478.1710843
27,28,55,473.3342578
28,27,55,464.3499439
24,32,56,488.307149
25,31,56,487.812151
26,30,56,489.7874371
27,29,56,483.5791606
28,28,56,479.8264977
29,27,56,465.3628403
24,33,57,494.0601933
25,32,57,497.2280138
26,31,57,497.8272458
27,30,57,495.420734
28,29,57,490.299008
29,28,57,481.0674934
24,34,58,502.3082377
25,33,58,504.0832064
26,32,58,508.3606645
27,31,58,504.5717308
28,30,58,503.2650752
29,29,58,493.9056156
30,28,58,484.5570182
24,35,59,507.2084672
25,34,59,512.5360831
26,33,59,515.4259459
27,32,59,515.3192761
28,31,59,512.633426
29,30,59,507.091027
30,29,59,497.6151868
24,36,60,514.5823998
25,35,60,518.5060385
26,34,60,524.9639525
27,33,60,523.4645663
28,32,60,524.4744568
29,31,60,517.5457993
30,30,60,513.1139129
24,37,61,518.6975168
25,36,61,526.0725494
26,35,61,531.1322666
27,34,61,533.2055927
28,33,61,532.8266856
29,32,61,529.5965522
30,31,61,523.7804642
31,30,61,514.0630442
24,38,62,525.2653795
25,37,62,531.2263649
26,36,62,539.7528108
27,35,62,540.4238898
28,34,62,543.6312585
29,33,62,539.0064921
30,32,62,536.9007227
31,31,62,526.9744575
25,38,63,537.974879
26,37,63,545.0934755
27,36,63,549.2364504
28,35,63,551.0460573
29,34,63,550.0110076
30,33,63,546.5133781
31,32,63,540.2991441
32,31,63,530.3427707
25,39,64,542.3744181
26,38,64,552.8662339
27,37,64,555.5982302
28,36,64,560.8933156
29,35,64,558.4557311
30,34,64,558.5597709
31,33,64,550.94726
32,32,64,545.8656
25,40,65,548.3661549
26,39,65,557.441399
27,38,65,563.5521895
28,37,65,567.4412442
29,36,65,568.4931222
30,35,65,567.1979963
31,34,65,563.1895461
32,33,65,556.7113996
25,41,66,552.0669786
26,40,66,564.4288644
27,39,66,569.1207483
28,38,66,576.4021439
29,37,66,576.044139
30,36,66,578.2505172
31,35,66,572.8375321
32,34,66,569.9739846
33,33,66,559.5011442
26,41,67,568.2944221
27,40,67,576.2788484
28,39,67,582.1466602
29,38,67,585.1854275
30,37,67,585.9857871
31,36,67,584.0772663
32,35,67,579.8115892
33,34,67,572.9548356
27,41,68,581.1112017
28,40,68,590.2850227
29,39,68,591.9071536
30,38,68,596.1163595
31,37,68,592.7973641
32,36,68,592.0468343
33,35,68,583.7820919
34,34,68,578.0764473
28,41,69,595.2833609
29,40,69,600.2162985
30,39,69,603.0131417
31,38,69,603.1064286
32,37,69,600.9483473
33,36,69,596.2008254
34,35,69,589.0887643
35,34,69,578.4302217
27,43,70,591.6776147
28,42,70,602.6567648
29,41,70,606.1669209
30,40,70,612.2866313
31,39,70,610.9638977
32,38,70,612.2288692
33,37,70,606.0688372
34,36,70,602.4834786
35,35,70,591.4819066
28,43,71,606.9606863
29,42,71,613.7016911
30,41,71,618.4032309
31,40,71,620.4071972
32,39,71,620.2595059
33,38,71,617.5250956
34,37,71,612.5293315
35,36,71,605.0557657
28,44,72,613.621227
29,43,72,618.9339098
30,42,72,626.8783075
31,41,72,627.4611436
32,40,72,630.6509631
33,39,72,626.4997226
34,38,72,624.9391939
35,37,72,616.0498473
36,36,72,609.7429999
28,45,73,617.2776661
29,44,73,625.7466296
30,43,73,632.2675918
31,42,73,636.0974479
32,41,73,637.869859
33,40,73,637.0591169
34,39,73,634.0843149
35,38,73,628.6320158
36,37,73,620.9107797
37,36,73,609.7954245
29,45,74,630.3082957
30,44,74,639.9974658
31,43,74,642.4015393
32,42,74,647.4317823
33,41,74,645.2001608
34,40,74,645.575555
35,39,74,638.7043879
36,38,74,634.428784
37,37,74,622.9143514
29,46,75,636.446483
30,45,75,644.7074895
31,44,75,650.2842049
32,43,75,653.8926904
33,42,75,654.9222417
34,41,75,653.879697
35,40,75,650.3609725
36,39,75,644.6683564
37,38,75,636.6007071
29,47,76,640.3811501
30,46,76,651.7405451
31,45,76,655.8872871
32,44,76,662.6791955
33,43,76,662.284132
34,42,76,664.5125021
35,41,76,659.5719342
36,40,76,657.240465
37,39,76,647.7508516
38,38,76,640.8630842
29,48,77,645.8880662
30,47,77,655.815091
31,46,77,663.0648784
32,45,77,668.4310901
33,44,77,671.2230869
34,43,77,672.0301074
35,42,77,670.3630713
36,41,77,666.6120119
37,40,77,660.4851411
38,39,77,652.1766509
29,49,78,649.2354678
30,48,78,662.1954311
31,47,78,668.0115109
32,46,78,676.4914912
33,45,78,677.8554762
34,44,78,681.8593099
35,43,78,678.7676312
36,42,78,678.2988873
37,41,78,670.7481555
38,40,78,665.8102235
30,49,79,665.6744798
31,48,79,674.5283359
32,47,79,681.5790925
33,46,79,686.0607315
34,45,79,688.6400921
35,44,79,688.748159
36,43,79,686.8573658
37,42,79,682.5909281
38,41,79,676.230783
30,50,80,671.4423991
31,49,80,678.859257
32,48,80,688.9584337
33,47,80,692.0090128
34,46,80,697.7157636
35,45,80,696.3966069
36,44,80,697.7143891
37,43,80,692.0222371
38,42,80,688.95431
39,41,80,678.8860292
30,51,81,674.3625376
31,50,81,684.7558328
32,49,81,693.4226643
33,48,81,699.5257551
34,47,81,703.8052144
35,46,81,705.6166481
36,45,81,705.5100902
37,44,81,703.0288214
38,43,81,698.537179
39,42,81,691.7625308
30,52,82,679.5549323
31,51,82,688.5083657
32,50,82,700.1621808
33,49,82,704.8315142
34,48,82,712.1731816
35,47,82,712.5550552
36,46,82,715.5879348
37,45,82,711.6792011
38,44,82,710.4064403
39,43,82,702.2040957
40,42,82,696.6286982
31,52,83,693.8218226
32,51,83,704.040565
33,50,83,711.7011439
34,49,83,717.6130138
35,48,83,721.0605221
36,47,83,722.6669724
37,46,83,721.9002667
38,45,83,719.2023428
39,44,83,714.2206336
40,43,83,707.2190123
31,53,84,697.0302299
32,52,84,710.1780851
33,51,84,716.4025545
34,50,84,725.3153073
35,49,84,727.3311782
36,48,84,732.0121036
37,47,84,729.8163257
38,46,84,730.2684742
39,45,84,723.8581558
40,44,84,720.0844189
41,43,84,709.45677
31,54,85,701.7946651
32,53,85,713.5050984
33,52,85,722.6630816
34,51,85,730.1438436
35,50,85,735.1642144
36,49,85,738.4168431
37,48,85,739.298373
38,47,85,738.3240117
39,46,85,735.0658133
40,45,85,729.8652515
41,44,85,722.4667486
42,43,85,713.0404499
33,53,86,726.7952526
34,52,86,737.2190906
35,51,86,740.8060124
36,50,86,747.0719548
37,49,86,746.5229756
38,48,86,748.6339879
39,47,86,743.9463131
40,46,86,741.9051898
41,45,86,733.0761412
42,44,86,726.8855605
33,54,87,732.4816432
34,53,87,741.4716044
35,52,87,748.0053788
36,51,87,752.8413899
37,50,87,755.3087638
38,49,87,755.9920533
39,48,87,754.392054
40,47,87,750.9235093
41,46,87,745.2554628
42,45,87,737.6356601
43,44,87,727.8991701
34,54,88,747.9553732
35,53,88,753.0541529
36,52,88,760.8457866
37,51,88,761.881402
38,50,88,765.5891111
39,49,88,762.5588524
40,48,88,762.1853467
41,47,88,755.0866329
42,46,88,750.6344933
43,45,88,739.4648261
34,55,89,751.6643899
35,54,89,759.6555666
36,53,89,766.0158719
37,52,89,770.0103252
38,51,89,772.2892539
39,50,89,772.2859362
40,49,89,770.484461
41,48,89,766.482613
42,47,89,760.6014079
43,46,89,752.6005355
44,45,89,742.6399966
35,55,90,764.1443906
36,54,90,773.4058051
37,53,90,775.9674476
38,52,90,781.2132637
39,51,90,779.7790153
40,50,90,781.0118683
41,49,90,775.5792326
42,48,90,772.8016188
43,47,90,763.3681947
44,46,90,756.5825153
35,56,91,770.1808238
36,55,91,778.0097498
37,54,91,783.4758657
38,53,91,787.2920126
39,52,91,788.8273621
40,51,91,788.6317775
41,50,91,786.2355264
42,49,91,782.0289696
43,48,91,775.7005384
44,47,91,767.4835034
35,57,92,774.1402751
36,56,92,784.8187143
37,55,92,788.8511684
38,54,92,795.5798062
39,53,92,795.6836834
40,52,92,798.4650898
41,51,92,794.6379682
42,50,92,793.474565
43,49,92,785.7141282
44,48,92,780.6082318
45,47,92,768.9122314
36,57,93,788.8872421
37,56,93,795.7726988
38,55,93,801.0709552
39,54,93,804.0901962
40,53,93,805.442799
41,52,93,804.5949243
42,51,93,802.0027075
43,50,93,797.2870627
44,49,93,790.7506058
45,48,93,782.1667643
36,58,94,795.1462383
37,57,94,800.5973834
38,56,94,808.7566153
39,55,94,810.3439843
40,54,94,814.6193342
41,53,94,812.3405709
42,52,94,812.734395
43,51,94,806.5872573
44,50,94,803.1017977
45,49,94,793.0841219
46,48,94,785.7215424
36,59,95,798.7078189
37,58,95,806.9631599
38,57,95,813.6914776
39,56,95,818.1428339
40,55,95,820.9891313
41,54,95,821.6355442
42,53,95,820.6007216
43,52,95,817.4414709
44,51,95,812.5261824
45,50,95,805.5607666
46,49,95,796.7654389
36,60,96,804.4455851
37,59,96,811.2661632
38,58,96,820.8065945
39,57,96,823.8258275
40,56,96,829.5434725
41,55,96,828.7590623
42,54,96,830.6562192
43,53,96,826.0659892
44,52,96,824.1448347
45,51,96,815.7466956
46,50,96,810.0093188
47,49,96,797.8012379
37,60,97,817.1050653
38,59,97,825.2142289
39,58,97,831.0487053
40,57,97,835.3371761
41,56,97,837.4266924
42,55,97,837.8954289
43,54,97,836.2392064
44,53,97,832.888929
45,52,97,827.4864002
46,51,97,820.3176102
47,50,97,811.1684044
37,61,98,820.9132637
38,60,98,831.7881285
39,59,98,836.190382
40,58,98,843.3014222
41,57,98,843.9602776
42,56,98,847.3097398
43,55,98,844.2230787
44,54,98,843.8130812
45,53,98,836.9788799
46,52,98,832.8114464
47,51,98,822.2277465
48,50,98,814.3048355
37,62,99,826.2521208
38,61,99,835.6955412
39,60,99,842.8667255
40,59,99,848.5486021
41,58,99,852.0327353
42,57,99,853.9540787
43,56,99,853.75033
44,55,99,851.911919
45,54,99,848.0196626
46,53,99,842.4220646
47,52,99,834.8408637
48,51,99,825.4844494
37,63,100,829.5905129
38,62,100,841.7554883
39,61,100,847.4945018
40,60,100,855.9525914
41,59,100,858.0063314
42,58,100,862.7597355
43,57,100,861.1261353
44,56,100,862.1769208
45,55,100,856.8540147
46,54,100,854.2041471
47,53,100,845.1900422
48,52,100,838.8414146
49,51,100,826.1342651
37,64,101,834.4542866
38,63,101,845.1878128
39,62,101,853.6516946
40,61,101,860.6807661
41,60,101,865.5135385
42,59,101,868.8392122
43,58,101,870.0399981
44,57,101,869.6631048
45,56,101,867.2312262
46,55,101,863.1523917
47,54,101,857.0873535
48,53,101,849.3070147
49,52,101,839.6084928
37,65,102,837.3461565
38,64,102,850.7591926
39,63,102,857.7911055
40,62,102,867.5522754
41,61,102,870.955033
42,60,102,877.0664959
43,59,102,876.8380774
44,58,102,879.301854
45,57,102,875.4403455
46,56,102,874.2583496
47,55,102,866.7619163
48,54,102,861.9359829
49,53,102,850.8028445
50,52,102,842.3347538
39,64,103,863.4546572
40,63,103,871.7870895
41,62,103,877.9248599
42,61,103,882.6090744
43,60,103,885.168891
44,59,103,886.2057649
45,58,103,885.1869033
46,57,103,882.5771146
47,56,103,877.9790277
48,55,103,871.7230715
49,54,103,863.5453769
40,64,104,878.1520127
41,63,104,882.8602595
42,62,104,890.2862089
43,61,104,891.4175384
44,60,104,895.2489205
45,59,104,892.8014649
46,58,104,893.0401475
47,57,104,887.0121235
48,56,104,883.6598899
49,55,104,874.0495755
50,54,104,867.1081477
40,65,105,881.9173952
41,64,105,889.3187006
42,63,105,895.3179817
43,62,105,899.1935963
44,61,105,901.5989053
45,60,105,901.948063
46,59,105,900.7601245
47,58,105,897.5822318
48,57,105,892.8015927
49,56,105,886.0962152
50,55,105,877.7232581
51,54,105,867.490111
41,65,106,893.7722898
42,64,106,902.4713092
43,63,106,904.9192308
44,62,106,910.0750782
45,61,106,908.9967082
46,60,106,910.61121
47,59,106,906.0048114
48,58,106,904.0797046
49,57,106,895.9436069
50,56,106,890.4805621
51,55,106,878.813141
52,54,106,869.8137824
41,66,107,899.7436219
42,65,107,907.0166534
43,64,107,912.1669536
44,63,107,915.8976195
45,62,107,917.5720052
46,61,107,917.7610716
47,60,107,915.9589077
48,59,107,912.606968
49,58,107,907.3277736
50,57,107,900.4352623
51,56,107,891.6787008
41,67,108,903.7381043
42,66,108,913.6707916
43,65,108,917.3942739
44,64,108,923.8335441
45,63,108,924.0815096
46,62,108,927.029152
47,61,108,923.799905
48,60,108,923.2576154
49,59,108,916.5495316
50,58,108,912.5189342
51,57,108,902.330441
52,56,108,894.8131085
42,67,109,917.7525092
43,66,109,924.1383645
44,65,109,929.1534125
45,64,109,932.1122976
46,63,109,933.6357167
47,62,109,933.1669588
48,61,109,931.1993843
49,60,109,927.302461
50,59,109,921.8443737
51,58,109,914.518902
52,57,109,905.5706385
53,56,109,894.816367
42,68,110,923.9304926
43,67,110,928.8904883
44,66,110,936.5741008
45,65,110,938.1077219
46,64,110,942.3478662
47,63,110,940.4534544
48,62,110,941.2517891
49,61,110,935.9277612
50,60,110,933.2858693
51,59,110,924.5306989
52,58,110,918.4501069
53,57,110,906.2623065
54,56,110,896.7445018
42,69,111,927.5699372
43,68,111,935.154072
44,67,111,941.4144928
45,66,111,945.6190789
46,65,111,948.4362477
47,64,111,949.2605786
48,63,111,948.6351681
49,62,111,946.078684
50,61,111,942.0112167
51,60,111,936.0734928
52,59,111,928.5643517
53,58,111,919.2450904
43,69,112,939.4526623
44,68,112,948.3433735
45,67,112,951.1239062
46,66,112,956.6178238
47,65,112,956.0179471
48,64,112,958.1166961
49,63,112,954.1348641
50,62,112,952.8399902
51,61,112,945.4747178
52,60,112,940.7877064
53,59,112,930.0375523
54,58,112,921.9598444
43,70,113,945.257413
44,69,113,952.7260362
45,68,113,958.1393335
46,67,113,962.2115657
47,66,113,964.2905473
48,65,113,964.9670949
49,64,113,963.711167
50,63,113,960.99259
51,62,113,956.4012905
52,61,113,950.2880136
53,60,113,942.3610031
54,59,113,932.853324
55,58,113,921.5903797
44,70,114,959.1850807
45,69,114,963.1755928
46,68,114,969.8863456
47,67,114,970.5425915
48,66,114,973.9034034
49,65,114,971.2238708
50,64,114,971.2362539
51,63,114,965.2194948
52,62,114,961.8848973
53,61,114,952.5295118
54,60,114,945.8493334
55,59,114,933.1539552
56,58,114,923.1295624
44,71,115,963.1304245
45,70,115,969.7171394
46,69,115,975.007544
47,68,115,978.3045004
48,67,115,980.2446688
49,66,115,980.2512425
50,65,115,978.8417683
51,64,115,975.5574633
52,63,115,970.7988088
53,62,115,964.2232483
54,61,115,956.1157526
44,72,116,969.1402601
45,71,116,974.3055177
46,70,116,982.197848
47,69,116,984.0735727
48,68,116,988.6598405
49,67,116,987.2445503
50,66,116,988.5262375
51,65,116,983.818518
52,64,116,981.797039
53,63,116,973.7955275
54,62,116,968.4722451
45,72,117,980.3938926
46,71,117,986.8672622
47,70,117,991.3471725
48,69,117,994.514376
49,68,117,995.7471134
50,67,117,995.6087752
51,66,117,993.5938132
52,65,117,990.1504291
53,64,117,984.8873571
54,63,117,978.1393039
55,62,117,969.62782
45,73,118,984.5538375
46,72,118,993.5940658
47,71,118,996.6542847
48,70,118,1002.43104
49,69,118,1002.243661
50,68,118,1004.758398
51,67,118,1001.322037
52,66,118,1000.576139
53,65,118,993.8894668
54,64,118,989.8842639
55,63,118,979.9459924
45,74,119,990.208512
46,73,119,997.831219
47,72,119,1003.460618
48,71,119,1007.819915
49,70,119,1010.244092
50,69,119,1011.340631
51,68,119,1010.559032
52,67,119,1008.39334
53,66,119,1004.405524
54,65,119,998.9780116
55,64,119,991.7836428
46,74,120,1004.114255
47,73,120,1008.325542
48,72,120,1015.259357
49,71,120,1016.265179
50,70,120,1019.978308
51,69,120,1017.777307
52,68,120,1018.271107
53,67,120,1012.861985
54,66,120,1010.137754
55,65,120,1001.519257
46,75,121,1007.937526
47,74,121,1014.684411
48,73,121,1020.202405
49,72,121,1023.784816
50,71,121,1026.08158
51,70,121,1026.498937
52,69,121,1025.575024
53,68,121,1022.826859
54,67,121,1018.682712
55,66,121,1012.768658
46,76,122,1013.795376
47,75,122,1019.12577
48,74,122,1027.184669
49,73,122,1029.350502
50,72,122,1034.228872
51,71,122,1033.228814
52,70,122,1034.927985
53,69,122,1030.760764
54,68,122,1029.282008
55,67,122,1021.946401
56,66,122,1017.290941
47,76,123,1025.05583
48,75,123,1031.700578
49,74,123,1036.409446
50,73,123,1039.873291
51,72,123,1041.456678
52,71,123,1041.7402
53,70,123,1040.197612
54,69,123,1037.301279
55,68,123,1032.632323
56,67,123,1026.556501
48,76,124,1038.244553
49,75,124,1041.538646
50,74,124,1047.550518
51,73,124,1047.718475
52,72,124,1050.590156
53,71,124,1047.630733
54,70,124,1047.363469
55,69,124,1041.275469
56,68,124,1037.870457
57,67,124,1028.652721
48,77,125,1042.350951
49,76,125,1048.155847
50,75,125,1052.755051
51,74,125,1055.472939
52,73,125,1056.931023
53,72,125,1056.561385
54,71,125,1054.878843
55,70,125,1051.421261
56,69,125,1046.598487
57,68,125,1040.052632
48,78,126,1048.474459
49,77,126,1052.866407
50,76,126,1059.98138
51,75,126,1061.285827
52,74,126,1065.298541
53,73,126,1063.514265
54,72,126,1064.425941
55,71,126,1059.55177
56,70,126,1057.363581
57,69,126,1049.398385
58,68,126,1044.11146
48,79,127,1052.187985
49,78,127,1059.059752
50,77,127,1064.763932
51,76,127,1068.586108
52,75,127,1071.187272
53,74,127,1071.959319
54,73,127,1071.457986
55,72,127,1069.179461
56,71,127,1065.576049
57,70,127,1060.246599
58,69,127,1053.541436
48,80,128,1057.907854
49,79,128,1063.368526
50,78,128,1071.557461
51,77,128,1073.968193
52,76,128,1079.091767
53,75,128,1078.451358
54,74,128,1080.510773
55,73,128,1076.818073
56,72,128,1075.814477
57,71,128,1069.068381
58,70,128,1065.00288
59,69,128,1055.202317
48,81,129,1061.24423
49,80,129,1069.154909
50,79,129,1075.934946
51,78,129,1080.832442
52,77,129,1084.546516
53,76,129,1086.430269
54,75,129,1087.078919
55,74,129,1085.948467
56,73,129,1083.532136
57,72,129,1079.387101
58,71,129,1073.906141
59,70,129,1066.74623
48,82,130,1066.576365
49,81,130,1073.077832
50,80,130,1082.312779
51,79,130,1085.800839
52,78,130,1092.006335
53,77,130,1092.479804
54,76,130,1095.657031
55,75,130,1093.114783
56,74,130,1093.264868
57,73,130,1087.70582
58,72,130,1084.829846
59,71,130,1076.252951
60,70,130,1070.351964
48,83,131,1069.550457
49,82,131,1078.473226
50,81,131,1086.301193
51,80,131,1092.246215
52,79,131,1097.044265
53,78,131,1100.010962
54,77,131,1101.779654
55,76,131,1101.767545
56,75,131,1100.50734
57,74,131,1097.516027
58,73,131,1093.227304
59,72,131,1087.256469
60,71,131,1079.939522
48,84,132,1074.509903
49,83,132,1082.02537
50,82,132,1092.279507
51,81,132,1096.817115
52,80,132,1104.07676
53,79,132,1105.635342
54,78,132,1109.90166
55,77,132,1108.480109
56,76,132,1109.754207
57,75,132,1105.351461
58,74,132,1103.634402
59,73,132,1096.249438
60,72,132,1091.542245
50,83,133,1095.893988
51,82,133,1102.859853
52,81,133,1108.714115
53,80,133,1112.736145
54,79,133,1115.596146
55,78,133,1116.673841
56,77,133,1116.540063
57,76,133,1114.673006
58,75,133,1111.545848
59,74,133,1106.733699
60,73,133,1100.613479
61,72,133,1092.855973
50,84,134,1101.488098
51,83,134,1107.048587
52,82,134,1115.335711
53,81,134,1117.951794
54,80,134,1123.279622
55,79,134,1122.950209
56,78,134,1125.319831
57,77,134,1122.04388
58,76,134,1121.456339
59,75,134,1115.232846
60,74,134,1111.689145
61,73,134,1102.517139
50,85,135,1104.742982
51,84,135,1112.704063
52,83,135,1119.587875
53,82,135,1124.638716
54,81,135,1128.562439
55,80,135,1130.702524
56,79,135,1131.666658
57,78,135,1130.895552
58,77,135,1128.900514
59,76,135,1125.217859
60,75,135,1120.263988
61,74,135,1113.669497
51,85,136,1116.525156
52,84,136,1125.814132
53,83,136,1129.461197
54,82,136,1135.824035
55,81,136,1136.559332
56,80,136,1139.997104
57,79,136,1137.819609
58,78,136,1138.333341
59,77,136,1133.242069
60,76,136,1130.832744
61,75,136,1122.826745
62,74,136,1117.495314
51,86,137,1121.807938
52,85,137,1129.695689
53,84,137,1135.74985
54,83,137,1140.710792
55,82,137,1143.88692
56,81,137,1145.921571
57,80,137,1146.219214
58,79,137,1145.328009
59,78,137,1142.746791
60,77,137,1138.930089
61,76,137,1133.469704
62,75,137,1126.72779
63,74,137,1118.387998
52,86,138,1135.54136
53,85,138,1140.19392
54,84,138,1147.566291
55,83,138,1149.33994
56,82,138,1153.819546
57,81,138,1152.713275
58,80,138,1154.301126
59,79,138,1150.313968
60,78,138,1149.011029
61,77,138,1142.142053
62,76,138,1137.949255
63,75,138,1128.197557
52,87,139,1139.06614
53,86,139,1146.099108
54,85,139,1152.071794
55,84,139,1156.258627
56,83,139,1159.337464
57,82,139,1160.677696
58,81,139,1160.863136
59,80,139,1159.356375
60,79,139,1156.648794
61,78,139,1152.294715
62,77,139,1146.694419
63,76,139,1139.492763
52,88,140,1144.545223
53,87,140,1150.178773
54,86,140,1158.536171
55,85,140,1161.322828
56,84,140,1166.818956
57,83,140,1166.757725
58,82,140,1169.393575
59,81,140,1166.483509
60,80,140,1166.260031
61,79,140,1160.500214
62,78,140,1157.418322
63,77,140,1148.807869
64,76,140,1142.868449
53,88,141,1155.714549
54,87,141,1162.674474
55,86,141,1167.847635
56,85,141,1171.945333
57,84,141,1174.302985
58,83,141,1175.538922
59,82,141,1175.080657
60,81,141,1173.455226
61,80,141,1170.180704
62,79,141,1165.694228
63,78,141,1159.603172
64,77,141,1152.255912
65,76,141,1143.348103
53,89,142,1159.443106
54,88,142,1168.761948
55,87,142,1172.53723
56,86,142,1179.025518
57,85,142,1179.984141
58,84,142,1183.642852
59,83,142,1181.783882
60,82,142,1182.613953
61,81,142,1177.936491
62,80,142,1175.938819
63,79,142,1168.441998
64,78,142,1163.617451
54,89,143,1172.546401
55,88,143,1178.682422
56,87,143,1183.774611
57,86,143,1187.125453
58,85,143,1189.386726
59,84,143,1189.951969
60,83,143,1189.382733
61,82,143,1187.16202
62,81,143,1183.762617
63,80,143,1178.755654
65,78,143,1164.732912
66,77,143,1155.673948
54,90,144,1178.270481
55,89,144,1183.01092
56,88,144,1190.467909
57,87,144,1192.422141
58,86,144,1197.07951
59,85,144,1196.246615
60,84,144,1198.105285
61,83,144,1194.48438
62,82,144,1193.545233
63,81,144,1187.135467
64,80,144,1183.399354
65,79,144,1174.199901
66,78,144,1167.667649
67,77,144,1155.677703
54,91,145,1181.713775
55,90,145,1188.790054
56,89,145,1194.85327
57,88,145,1199.173967
58,87,145,1202.436351
59,86,145,1204.001032
60,85,145,1204.463007
61,84,145,1203.271302
62,83,145,1200.933223
63,82,145,1196.984823
64,81,145,1191.846984
65,80,145,1185.141636
66,79,145,1177.204273
67,78,145,1167.741779
54,92,146,1187.087308
55,91,146,1192.770299
56,90,146,1201.173392
57,89,146,1204.099885
58,88,146,1209.732593
59,87,146,1209.901679
60,86,146,1212.76491
61,85,146,1210.17572
62,84,146,1210.270343
63,83,146,1204.922041
64,82,146,1202.248892
65,81,146,1194.140669
66,80,146,1188.700558
67,79,146,1177.831624
68,78,146,1169.62534
55,92,147,1198.196271
56,91,147,1205.207911
57,90,147,1210.475976
58,89,147,1214.716137
59,88,147,1217.257063
60,87,147,1218.726181
61,86,147,1218.539586
62,85,147,1217.23803
63,84,147,1214.323591
64,83,147,1210.251669
65,82,147,1204.609119
66,81,147,1197.767085
67,80,147,1189.396207
68,79,147,1179.784259
69,78,147,1168.68489
55,93,148,1201.840487
56,92,148,1211.167901
57,91,148,1215.044158
58,90,148,1221.62973
59,89,148,1222.777581
60,88,148,1226.622206
61,87,148,1225.040797
62,86,148,1226.14533
63,85,148,1221.833837
64,84,148,1220.199103
65,83,148,1213.156732
66,82,148,1208.783523
67,81,148,1199.009502
68,80,148,1191.898592
69,79,148,1179.392166
56,93,149,1214.863848
58,91,149,1226.253051
59,90,149,1229.747863
60,89,149,1232.200929
61,88,149,1232.996405
62,87,149,1232.707471
63,86,149,1230.803275
64,85,149,1227.772663
65,84,149,1223.168514
66,83,149,1217.396492
67,82,149,1210.09216
68,81,149,1201.578942
56,94,150,1220.476125
57,93,150,1225.280459
58,92,150,1232.797221
59,91,150,1234.90146
60,90,150,1239.705137
61,89,150,1239.108437
62,88,150,1241.199874
63,87,150,1237.901425
64,86,150,1237.28143
65,85,150,1231.280452
66,84,150,1227.949807
67,83,150,1219.245543
68,82,150,1213.205005
58,93,151,1237.072772
59,92,151,1241.499902
60,91,151,1244.914554
61,90,151,1246.669879
62,89,151,1247.370522
63,88,151,1246.453693
64,87,151,1244.440665
65,86,151,1240.851388
66,85,151,1236.12497
67,84,151,1229.863
68,83,151,1222.423422
69,82,151,1213.488563
59,93,152,1246.299163
60,92,152,1252.04034
61,91,152,1252.406099
62,90,152,1255.462241
63,89,152,1253.153918
64,88,152,1253.525824
65,87,152,1248.542651
66,86,152,1246.231089
67,85,152,1238.572323
68,84,152,1233.578036
69,83,152,1223.242953
70,82,152,1215.566664
59,94,153,1252.538404
60,93,153,1256.893068
61,92,153,1259.586798
62,91,153,1261.254792
63,90,153,1261.303254
64,89,153,1260.284925
65,88,153,1257.687813
66,87,153,1253.983456
67,86,153,1248.740513
68,85,153,1242.350373
69,84,153,1234.461388
71,82,153,1214.850469
59,95,154,1256.995327
60,94,154,1263.653199
61,93,154,1264.959949
62,92,154,1268.959373
63,91,154,1267.619063
64,90,154,1268.960826
65,89,154,1264.972701
66,88,154,1263.657558
67,87,154,1257.020887
68,86,154,1253.049569
69,85,154,1243.763643
70,84,154,1237.136859
59,96,155,1262.887416
60,95,155,1268.161273
61,94,155,1271.772705
62,93,155,1274.386597
63,92,155,1275.379039
64,91,155,1275.333324
65,90,155,1273.706457
66,89,155,1271.001443
67,88,155,1266.754999
68,87,155,1261.390942
69,86,155,1254.524697
70,85,155,1246.501809
71,84,155,1237.015583
59,97,156,1267.013444
60,96,156,1274.567925
61,95,156,1276.794942
62,94,156,1281.716961
63,93,156,1281.32332
64,92,156,1283.613653
65,91,156,1280.59861
66,90,156,1280.258002
67,89,156,1274.620837
68,88,156,1271.650007
69,87,156,1263.390025
70,86,156,1257.789669
71,85,156,1246.90619
72,84,156,1238.676988
59,98,157,1272.56988
60,97,157,1278.742826
61,96,157,1283.251967
62,95,157,1286.791044
63,94,157,1288.706883
64,93,157,1289.61246
65,92,157,1288.934667
66,91,157,1287.207062
67,90,157,1283.935358
68,89,157,1279.57484
69,88,157,1273.708989
70,87,157,1266.715781
71,86,157,1258.255592
73,84,157,1237.575193
60,98,158,1284.807621
61,97,158,1287.934891
62,96,158,1293.75952
63,95,158,1294.291936
64,94,158,1297.510276
65,93,158,1295.447102
66,92,158,1296.059889
67,91,158,1291.400418
68,90,158,1289.408358
69,89,158,1282.151905
70,88,158,1277.555684
71,87,158,1267.701583
72,86,158,1260.501867
60,99,159,1288.660311
61,98,159,1294.047842
62,97,159,1298.492097
63,96,159,1301.311444
64,95,159,1303.147717
65,94,159,1303.398543
66,93,159,1302.627161
67,92,159,1300.309174
68,91,159,1296.930418
69,90,159,1292.043373
70,89,159,1286.057478
71,88,159,1278.601169
72,87,159,1270.008328
73,86,159,1259.982591
60,100,160,1294.394345
61,99,160,1298.402533
62,98,160,1305.110458
63,97,160,1306.549015
64,96,160,1310.675491
65,95,160,1309.543693
66,94,160,1311.089443
67,93,160,1307.386592
68,92,160,1306.352315
69,91,160,1300.077738
70,90,160,1296.464106
71,89,160,1287.617149
72,88,160,1281.424817
73,87,160,1270.00484
74,86,160,1261.234448
61,100,161,1304.182541
62,99,161,1309.512642
63,98,161,1313.216273
64,97,161,1315.963341
65,96,161,1317.12301
66,95,161,1317.287381
67,94,161,1315.902789
68,93,161,1313.484755
69,92,161,1309.555644
70,91,161,1304.555451
71,90,161,1298.081605
72,89,161,1290.499457
73,88,161,1281.480701
75,86,161,1259.752956
62,100,162,1315.792136
63,99,162,1318.117587
64,98,162,1323.132984
65,97,162,1322.912754
66,96,162,1325.371716
67,95,162,1322.605118
68,94,162,1322.508331
69,93,162,1317.194702
70,92,162,1314.542831
71,91,162,1306.681527
72,90,162,1301.475214
73,89,162,1291.065609
74,88,162,1283.30548
62,101,163,1319.874548
63,100,163,1324.443873
64,99,163,1328.082495
65,98,163,1330.131888
66,97,163,1331.212222
67,96,163,1330.741373
68,95,163,1329.26372
69,94,163,1326.272363
70,93,163,1322.236979
71,92,163,1316.724888
72,91,163,1310.131989
73,90,163,1302.098975
74,89,163,1292.94874
75,88,163,1282.394651
62,102,164,1325.825927
63,101,164,1329.01966
64,100,164,1334.905395
65,99,164,1335.577583
66,98,164,1338.930649
67,97,164,1337.080613
68,96,164,1337.90169
69,95,164,1333.528776
70,94,164,1331.818516
71,93,164,1324.922091
72,92,164,1320.681128
73,91,164,1311.260578
74,90,164,1304.489526
75,89,164,1292.544249
76,88,164,1283.24371
63,102,165,1335.01576
64,101,165,1339.527329
65,100,165,1342.447947
66,99,165,1344.425105
67,98,165,1344.848988
68,97,165,1344.292046
69,96,165,1342.218919
70,95,165,1339.128143
71,94,165,1334.55777
72,93,165,1328.933385
73,92,165,1321.865568
74,91,165,1313.707763
75,90,165,1304.142338
64,102,166,1346.014377
65,101,166,1347.560456
66,100,166,1351.789142
67,99,166,1350.836619
68,98,166,1352.556568
69,97,166,1349.104798
70,96,166,1348.316656
71,95,166,1342.365015
72,94,166,1339.069405
73,93,166,1330.617289
74,92,166,1324.814815
75,91,166,1313.861634
76,90,166,1305.552887
64,103,167,1350.319029
65,102,167,1354.09297
66,101,167,1356.948436
67,100,167,1358.248653
68,99,167,1358.593392
69,98,167,1357.419601
70,97,167,1355.253886
71,96,167,1351.605842
72,95,167,1346.929911
73,94,167,1340.807406
74,93,167,1333.621457
76,91,167,1315.328513
77,90,167,1304.256599
65,103,168,1358.88269
66,102,168,1363.969102
67,101,168,1363.895659
68,100,168,1366.4961
69,99,168,1363.946535
70,98,168,1364.061641
71,97,168,1359.03534
72,96,168,1356.665726
73,95,168,1349.162094
74,94,168,1344.308355
75,93,168,1334.326811
76,92,168,1326.989527
77,91,168,1314.529505
78,90,168,1304.709243
67,102,169,1370.962397
68,101,169,1372.190398
69,100,169,1371.89765
70,99,169,1370.638082
71,98,169,1367.893596
72,97,169,1364.146704
73,96,169,1358.950261
74,95,169,1352.716254
75,94,169,1345.067671
76,93,169,1336.346722
77,92,169,1326.245849
67,103,170,1376.279297
68,102,170,1379.742429
69,101,170,1378.076738
70,100,170,1379.076821
71,99,170,1374.957038
72,98,170,1373.494676
73,97,170,1366.920216
74,96,170,1362.995997
75,95,170,1353.966288
76,94,170,1347.580782
78,92,170,1327.249031
68,103,171,1385.104744
69,102,171,1385.675324
70,101,171,1385.303588
71,100,171,1383.444479
72,99,171,1380.60783
73,98,171,1376.318805
74,97,171,1371.017461
75,96,171,1364.298328
76,95,171,1356.532472
77,94,171,1347.383071
78,93,171,1337.152854
79,92,171,1325.573056
68,104,172,1392.316767
69,103,172,1391.517197
70,102,172,1393.384556
71,101,172,1390.153065
72,100,172,1389.579801
73,99,172,1383.915811
74,98,172,1380.9025
75,97,172,1372.80545
76,96,172,1367.352655
77,95,172,1356.821998
78,94,172,1348.930264
79,93,172,1335.965465
80,92,172,1325.635329
69,104,173,1398.773944
70,103,173,1399.272301
71,102,173,1398.280955
72,101,173,1396.336345
73,100,173,1392.936674
74,99,173,1388.549323
75,98,173,1382.741127
76,97,173,1375.911226
77,96,173,1367.694337
78,95,173,1358.422046
79,94,173,1347.796323
69,105,174,1404.28879
70,104,174,1407.006277
71,103,174,1404.645421
72,102,174,1404.94366
73,101,174,1400.172026
74,100,174,1398.051587
75,99,174,1390.868622
76,98,174,1386.33006
77,97,174,1376.735225
78,96,174,1369.779076
80,94,174,1348.398637
69,106,175,1411.213945
70,105,175,1412.565209
71,104,175,1412.424555
72,103,175,1411.354346
73,102,175,1408.826523
74,101,175,1405.335074
75,100,175,1400.419874
76,99,175,1394.507385
77,98,175,1387.204631
78,97,175,1378.871271
79,96,175,1369.180815
80,95,175,1358.426723
69,107,176,1416.411536
70,106,176,1419.962524
71,105,176,1418.455193
72,104,176,1419.607882
73,103,176,1415.711049
74,102,176,1414.466
75,101,176,1408.17912
76,100,176,1404.53688
77,99,176,1395.859423
78,98,176,1389.820521
79,97,176,1378.751969
80,96,176,1370.316922
81,95,176,1356.85677
70,107,177,1425.202436
71,106,177,1425.895925
72,105,177,1425.68302
73,104,177,1424.010073
74,103,177,1421.396992
75,102,177,1417.357394
76,101,177,1412.344346
77,100,177,1405.937912
78,99,177,1398.525073
79,98,177,1389.751647
80,97,177,1379.939166
81,96,177,1368.798619
70,108,178,1432.273002
71,107,178,1431.602609
72,106,178,1433.59321
74,104,178,1430.16755
75,103,178,1424.759307
76,102,178,1421.996022
77,101,178,1414.218062
78,100,178,1409.078625
79,99,178,1398.93044
80,98,178,1391.415359
82,96,178,1369.006225
71,108,179,1438.714869
72,107,179,1439.342694
73,106,179,1438.508162
74,105,179,1436.75645
75,104,179,1433.575585
76,103,179,1429.444553
77,102,179,1423.917162
78,101,179,1417.406995
79,100,179,1409.532913
80,99,179,1400.643767
81,98,179,1390.422858
82,97,179,1379.154863
71,109,180,1444.107078
72,108,180,1446.919551
73,107,180,1444.721783
74,106,180,1445.177166
75,105,180,1440.63064
76,104,180,1438.729463
77,103,180,1431.833664
78,102,180,1427.576442
79,101,180,1418.330869
80,100,180,1411.718103
81,99,180,1400.122267
82,98,180,1391.154446
71,110,181,1450.9004
72,109,181,1452.352877
73,108,181,1452.34079
74,107,181,1451.433961
75,106,181,1449.095461
76,105,181,1445.829548
77,104,181,1441.164435
78,103,181,1435.539631
79,102,181,1428.547734
80,101,181,1420.564203
81,100,181,1411.245377
82,99,181,1400.903255
72,110,182,1459.606013
73,109,182,1458.233519
74,108,182,1459.514939
75,107,182,1455.813717
76,106,182,1454.758302
77,105,182,1448.727846
78,104,182,1445.336103
79,103,182,1436.975918
80,102,182,1431.248341
81,101,182,1420.557946
82,100,182,1412.495016
71,112,183,1462.47077
72,111,183,1464.732302
73,110,183,1465.527163
74,109,183,1465.449219
75,108,183,1463.937202
76,107,183,1461.520012
77,106,183,1457.700911
78,105,183,1452.944675
79,104,183,1446.818312
80,103,183,1439.7232
81,102,183,1431.289423
82,101,183,1421.855581
72,112,184,1471.670949
73,111,184,1471.108194
74,110,184,1473.200165
75,109,184,1470.328322
76,108,184,1470.102802
77,107,184,1464.921369
78,106,184,1462.37886
79,105,184,1454.887351
80,104,184,1450.02834
81,103,184,1440.226281
82,102,184,1433.051241
72,113,185,1476.498963
73,112,185,1478.085727
74,111,185,1478.821144
75,110,185,1478.120191
76,109,185,1476.535813
77,108,185,1473.546931
78,107,185,1469.642965
79,106,185,1464.36597
80,105,185,1458.142593
81,104,185,1450.577326
82,103,185,1442.034692
72,114,186,1483.131993
73,113,186,1483.363899
74,112,186,1486.251384
75,111,186,1484.19346
76,110,186,1484.78243
77,109,186,1480.434181
78,108,186,1478.725134
79,107,186,1472.08608
80,106,186,1468.079493
81,105,186,1459.149167
82,104,186,1452.845509
83,103,186,1441.623454
84,102,186,1433.023182
73,114,187,1490.034212
74,113,187,1491.567918
75,112,187,1491.663056
76,111,187,1490.896043
77,110,187,1488.722045
78,109,187,1485.654526
79,108,187,1481.211202
80,107,187,1475.843362
81,106,187,1469.130545
82,105,187,1461.462543
83,104,187,1452.480092
84,103,187,1442.512063
74,114,188,1498.686416
75,113,188,1497.427401
76,112,188,1498.8159
77,111,188,1495.285455
78,110,188,1494.394549
79,109,188,1488.5922
80,108,188,1485.422363
81,107,188,1477.34765
82,106,188,1471.899342
83,105,188,1461.551815
84,104,188,1453.825486
75,114,189,1504.583706
76,113,189,1504.619057
77,112,189,1503.245047
78,111,189,1500.998611
79,110,189,1497.373708
80,109,189,1492.845675
81,108,189,1486.969709
82,107,189,1480.160245
83,106,189,1472.033067
84,105,189,1462.942314
74,116,190,1510.5224
75,115,190,1510.047714
76,114,190,1512.221206
77,113,190,1509.493627
78,112,190,1509.40598
79,111,190,1504.425039
80,110,190,1502.076723
81,109,190,1494.841966
82,108,190,1490.233433
83,107,190,1480.744417
84,106,190,1473.876111
74,117,191,1515.255269
75,116,191,1516.899368
76,115,191,1517.722511
77,114,191,1517.134013
78,113,191,1515.693734
79,112,191,1512.872437
80,111,191,1509.168931
81,110,191,1504.114658
82,109,191,1498.148099
83,108,191,1490.860694
84,107,191,1482.631229
85,106,191,1473.110562
75,117,192,1522.071299
76,116,192,1525.015659
77,115,192,1523.076432
78,114,192,1523.777582
79,113,192,1519.603187
80,112,192,1518.061591
81,111,192,1511.65158
82,110,192,1507.867685
83,109,192,1499.221621
84,108,192,1493.195865
85,107,192,1482.313322
75,118,193,1528.626616
76,117,193,1530.22339
77,116,193,1530.406338
78,115,193,1529.757711
79,114,193,1527.725619
80,113,193,1524.831794
81,112,193,1520.584481
82,111,193,1515.445635
83,110,193,1508.982941
84,109,193,1501.599229
85,108,193,1492.921015
86,107,193,1483.292567
76,118,194,1537.215919
77,117,194,1536.050939
78,116,194,1537.526827
79,115,194,1534.144535
80,114,194,1533.395272
81,113,194,1527.795225
82,112,194,1524.821255
83,111,194,1517.003022
84,110,194,1511.804776
85,109,194,1501.767936
86,108,194,1494.345835
76,119,195,1542.138046
77,118,195,1543.078761
78,117,195,1543.20769
79,116,195,1541.950804
80,115,195,1539.852228
81,114,195,1536.397553
82,113,195,1532.071655
83,112,195,1526.419026
84,111,195,1519.865967
85,110,195,1512.015239
86,109,195,1503.235156
76,120,196,1548.838025
77,119,196,1548.43358
78,118,196,1550.670535
79,117,196,1548.066305
80,116,196,1548.095388
81,115,196,1543.290935
82,114,196,1541.112584
83,113,196,1534.107482
84,112,196,1529.722122
85,111,196,1520.515957
86,110,196,1513.924002
77,120,197,1555.167406
78,119,197,1556.060183
79,118,197,1555.564888
80,117,197,1554.247531
81,116,197,1551.571565
82,115,197,1548.04426
83,114,197,1543.187453
84,113,197,1537.450368
85,112,197,1530.412571
86,111,197,1522.465847
87,110,197,1513.246932
78,120,198,1563.224908
79,119,198,1561.385088
80,118,198,1562.17891
81,117,198,1558.156079
82,116,198,1556.75943
83,115,198,1550.553168
84,114,198,1546.966469
85,113,198,1538.576367
86,112,198,1532.800026
87,111,198,1522.225684
77,122,199,1566.687801
78,121,199,1568.331098
79,120,199,1568.584149
80,119,199,1568.034365
81,118,199,1566.123559
82,117,199,1563.380887
83,116,199,1559.306049
84,115,199,1554.370661
85,114,199,1548.131635
86,113,199,1541.003679
87,112,199,1532.600334
78,122,200,1575.205555
79,121,200,1574.116863
80,120,200,1575.662188
81,119,200,1572.407388
82,118,200,1571.778905
83,117,200,1566.357581
84,116,200,1563.555704
85,115,200,1555.967452
86,114,200,1550.992586
87,113,200,1541.237012
78,123,201,1580.035761
79,122,201,1581.024272
80,121,201,1581.228787
81,120,201,1580.069957
82,119,201,1578.098339
83,118,201,1574.791988
84,117,201,1570.64441
85,116,201,1565.19038
86,115,201,1558.866997
87,114,201,1551.265148
88,113,201,1542.766095
78,124,202,1586.62752
79,123,202,1586.277037
80,122,202,1588.560983
81,121,202,1586.060992
82,120,202,1586.187499
83,119,202,1581.537588
84,118,202,1579.507067
85,117,202,1572.706837
86,116,202,1568.519688
87,115,202,1559.56875
88,114,202,1553.22536
79,124,203,1592.900378
80,123,203,1593.846277
81,122,203,1593.426591
82,121,203,1592.212811
83,120,203,1589.661828
84,119,203,1586.288548
85,118,203,1581.606104
86,117,203,1576.073484
87,116,203,1569.259435
88,115,203,1561.567613
80,124,204,1600.890489
81,123,204,1599.132438
82,122,204,1600.001113
83,121,204,1596.109452
84,120,204,1594.837179
85,119,204,1588.811515
86,118,204,1585.398688
87,117,204,1577.238636
88,116,204,1571.685641
80,125,205,1605.901759
81,124,205,1606.208727
82,123,205,1605.739923
83,122,205,1603.931535
84,121,205,1601.319401
85,120,205,1597.39549
86,119,205,1592.64019
87,118,205,1586.600607
88,117,205,1579.702284
89,116,205,1571.546899
80,126,206,1612.665361
81,125,206,1611.636723
82,124,206,1613.23508
83,123,206,1610.088858
84,122,206,1609.562069
85,121,206,1604.297872
86,120,206,1601.646329
87,119,206,1594.263778
88,118,206,1589.487859
89,117,206,1579.986583
80,127,207,1617.409632
81,126,207,1618.43109
82,125,207,1618.694741
83,124,207,1617.616511
84,123,207,1615.752719
85,122,207,1612.57463
86,121,207,1608.583563
87,120,207,1603.305462
88,119,207,1597.187269
89,118,207,1589.809022
80,128,208,1623.899739
81,127,208,1623.588318
82,126,208,1625.904197
83,125,208,1623.490938
84,124,208,1623.697205
85,123,208,1619.181721
86,122,208,1617.278762
87,121,208,1610.660678
88,120,208,1606.648868
89,119,208,1597.92782
90,118,208,1591.807525
81,128,209,1630.107893
82,127,209,1631.091804
83,126,209,1630.731618
84,125,209,1629.603699
85,124,209,1627.159052
86,123,209,1623.919475
87,122,209,1619.390209
88,121,209,1614.039128
89,120,209,1607.425105
81,129,210,1635.001187
82,128,210,1638.022744
83,127,210,1636.330297
84,126,210,1637.257512
85,125,210,1633.47832
86,124,210,1632.311574
87,123,210,1626.445266
88,122,210,1623.184931
89,121,210,1615.231146
90,120,210,1609.877584
81,130,211,1641.252853
82,129,211,1642.945147
83,128,211,1643.291202
84,127,211,1642.887012
85,126,211,1641.163745
86,125,211,1638.663246
87,124,211,1634.870494
88,123,211,1630.273844
89,122,211,1624.411465
90,121,211,1617.718802
91,120,211,1609.78667
82,130,212,1649.604508
83,129,212,1648.621037
84,128,212,1650.257401
85,127,212,1647.202402
86,126,212,1646.759815
87,125,212,1641.632919
88,124,212,1639.11175
89,123,212,1631.9126
90,122,212,1627.313204
91,121,212,1618.041452
81,132,213,1651.879217
82,131,213,1654.268322
83,130,213,1655.309118
84,129,213,1655.616824
85,128,213,1654.603182
86,127,213,1652.829668
87,126,213,1649.761424
88,125,213,1645.906851
89,124,213,1640.783857
90,123,213,1634.848369
91,122,213,1627.670496
82,132,214,1660.662803
83,131,214,1660.376776
84,130,214,1662.710792
85,129,214,1660.368194
86,128,214,1660.638019
87,127,214,1656.238487
88,126,214,1654.444486
89,125,214,1647.987667
90,124,214,1644.130193
91,123,214,1635.615742
82,133,215,1665.07442
83,132,215,1666.798747
84,131,215,1667.806817
85,130,215,1667.491344
86,129,215,1666.43303
87,128,215,1664.077591
88,127,215,1660.953056
89,126,215,1656.5575
90,125,215,1651.366892
91,124,215,1644.931084
92,123,215,1637.674534
83,133,216,1671.610669
84,132,216,1674.631129
85,131,216,1672.989441
86,130,216,1673.960227
87,129,216,1670.276317
88,128,216,1669.197791
89,127,216,1663.471309
90,126,216,1660.343819
91,125,216,1652.574425
92,124,216,1647.398313
83,134,217,1677.773018
84,133,217,1679.470212
85,132,217,1679.84174
86,131,217,1679.487138
87,130,217,1677.833094
88,129,217,1675.426864
89,128,217,1671.747095
90,127,217,1667.289387
91,126,217,1661.583755
83,135,218,1682.335432
84,134,218,1686.031407
85,133,218,1685.079427
86,132,218,1686.740008
87,131,218,1683.760274
88,130,218,1683.385818
89,129,218,1678.377984
90,128,218,1675.968839
91,127,218,1668.932567
92,126,218,1664.489069
84,135,219,1690.61979
85,134,219,1691.667426
86,133,219,1692.005336
87,132,219,1691.041562
88,131,219,1689.342195
89,130,219,1686.366854
90,129,219,1682.630363
91,128,219,1677.643313
92,127,219,1671.869837
93,126,219,1664.870952
84,136,220,1696.924187
85,135,220,1696.650991
86,134,220,1698.990478
87,133,220,1696.703758
88,132,220,1697.022254
89,131,220,1692.721667
90,130,220,1691.019515
91,129,220,1684.704729
93,127,220,1672.652951
84,137,221,1701.267904
85,136,221,1702.981025
86,135,221,1704.000525
87,134,221,1703.716169
88,133,221,1702.712508
89,132,221,1700.430515
90,131,221,1697.40385
91,130,221,1693.124074
92,129,221,1688.074546
84,138,222,1707.321617
85,137,222,1707.716551
86,136,222,1710.72432
87,135,222,1709.119729
88,134,222,1710.120328
89,133,222,1706.515872
90,132,222,1705.50964
91,131,222,1699.90499
92,130,222,1696.892256
93,129,222,1689.28709
85,138,223,1713.794745
86,137,223,1715.485183
87,136,223,1715.869658
88,135,223,1715.55082
89,134,223,1713.951365
90,133,223,1711.623414
91,132,223,1708.039881
92,131,223,1703.702961
93,130,223,1698.135217
85,139,224,1718.288117
86,138,224,1721.953804
87,137,224,1721.020723
88,136,224,1722.692841
89,135,224,1719.77367
90,134,224,1719.452554
91,133,224,1714.546967
92,132,224,1712.232945
93,131,224,1705.340624
86,139,225,1726.471378
87,138,225,1727.514354
88,137,225,1727.869723
89,136,225,1726.942258
90,135,225,1725.302181
91,134,225,1722.404126
92,133,225,1718.768749
93,132,225,1713.899967
86,140,226,1732.6908
87,139,226,1732.418867
88,138,226,1734.752174
89,137,226,1732.507707
90,136,226,1732.861164
91,135,226,1728.643839
92,134,226,1727.017768
93,133,226,1720.827271
86,141,227,1736.970793
87,140,227,1738.662186
88,139,227,1739.681401
89,138,227,1739.415633
90,137,227,1738.45285
91,136,227,1736.229766
92,135,227,1733.285137
93,134,227,1729.104599
86,142,228,1742.946796
87,141,228,1743.325898
88,140,228,1746.310314
89,139,228,1744.730222
90,138,228,1745.74796
91,137,228,1742.208354
92,136,228,1741.259736
94,134,228,1732.84564
86,143,229,1746.994732
87,142,229,1749.324701
88,141,229,1750.997649
89,140,229,1751.383527
90,139,229,1751.087714
91,138,229,1749.529346
92,137,229,1747.264926
93,136,229,1743.76217
94,135,229,1739.529281
95,134,229,1734.082009
87,143,230,1753.753181
88,142,230,1757.378861
89,141,230,1756.453064
90,140,230,1758.125036
91,139,230,1755.252858
92,138,230,1754.97144
93,137,230,1750.152572
94,136,230,1747.918073
87,144,231,1759.513077
88,143,231,1761.829886
89,142,231,1762.857599
90,141,231,1763.218676
91,140,231,1762.315009
92,139,231,1760.720511
93,138,231,1757.885321
94,137,231,1754.335389
87,145,232,1763.711719
88,144,232,1767.969051
89,143,232,1767.687707
90,142,232,1770.004101
91,141,232,1767.789304
92,140,232,1768.165075
94,138,232,1762.451974
87,146,233,1769.238143
88,145,233,1772.189172
89,144,233,1773.849137
90,143,233,1774.857262
91,142,233,1774.598517
92,141,233,1773.663896
93,140,233,1771.486295
94,139,233,1768.609073
96,137,233,1759.69279
88,146,234,1778.091768
89,145,234,1778.445264
90,144,234,1781.396498
91,143,234,1779.82927
92,142,234,1780.852454
93,141,234,1777.364198
94,140,234,1776.459635
96,138,234,1768.218041
89,146,235,1784.369078
90,145,235,1786.014639
91,144,235,1786.391263
92,143,235,1786.10671
93,142,235,1784.576953
94,141,235,1782.362433
95,140,235,1778.926159
89,147,236,1788.736504
90,146,236,1792.313216
91,145,236,1791.383974
92,144,236,1793.045018
93,143,236,1790.207284
94,142,236,1789.952962
96,140,236,1783.037046
90,147,237,1796.701628
91,146,237,1797.704287
92,145,237,1798.06022
93,144,237,1797.168786
94,143,237,1795.607193
96,141,237,1789.342546
98,139,237,1779.266275
91,147,238,1802.464287
92,146,238,1804.753859
93,145,238,1802.557094
94,144,238,1802.943494
95,143,238,1798.850293
96,142,238,1797.33381
92,147,239,1809.535348
93,146,239,1809.272934
94,145,239,1808.354717
95,144,239,1806.210172
96,143,239,1803.386823
92,148,240,1815.989728
93,147,240,1814.424598
94,146,240,1815.442419
95,145,240,1811.993013
96,144,240,1811.119962
98,142,240,1803.022357
93,148,241,1820.900195
94,147,241,1820.616021
95,146,241,1819.103326
96,145,241,1816.926091
93,149,242,1825.820431
94,148,242,1827.460581
95,147,242,1824.645668
96,146,242,1824.406779
98,144,242,1817.601641
94,149,243,1832.401789
95,148,243,1831.51188
96,147,243,1829.971458
97,146,243,1827.222954
94,150,244,1839.008501
95,149,244,1836.818985
96,148,244,1837.205197
97,147,244,1833.154912
98,146,244,1831.674019
94,151,245,1843.722384
95,150,245,1843.446399
96,149,245,1842.533697
97,148,245,1840.41069
98,147,245,1837.628667
94,152,246,1850.096382
96,150,246,1849.525825
97,149,246,1846.103676
98,148,246,1845.250513
99,147,246,1839.978961
100,146,246,1837.270447
96,151,247,1854.623261
97,150,247,1853.116919
98,149,247,1850.965271
99,148,247,1847.623189
96,152,248,1861.378958
97,151,248,1858.576081
98,150,248,1858.341817
100,148,248,1851.622705
96,153,249,1866.250293
97,152,249,1865.351977
98,151,249,1863.821842
100,149,249,1857.722619
101,148,249,1853.175186
96,154,250,1872.774586
97,153,250,1870.582313
98,152,250,1870.95831
100,150,250,1865.482518
101,149,250,1859.636701
96,155,251,1877.424639
97,154,251,1877.125899
98,153,251,1876.208609
99,152,251,1874.096448
100,151,251,1871.344103
101,150,251,1867.418403
98,154,252,1883.110069
99,153,252,1879.704408
100,152,252,1878.860347
101,151,252,1873.638923
102,150,252,1870.973243
98,155,253,1888.135502
99,154,253,1886.625572
100,153,253,1884.488648
102,151,253,1877.215294
103,150,253,1872.100019
98,156,254,1894.806878
99,155,254,1892.00602
100,154,254,1891.766347
102,152,254,1885.110256
103,151,254,1878.699583
99,156,255,1898.696223
100,155,255,1897.166266
101,154,255,1894.458473
102,153,255,1891.115535
103,152,255,1886.615781
100,156,256,1904.210384
102,154,256,1898.768482
103,153,256,1892.975983
104,152,256,1889.732534
100,157,257,1909.386681
101,156,257,1907.275425
102,155,257,1904.541928
104,153,257,1896.113708
105,152,257,1890.43966
101,157,258,1912.802848
104,154,258,1904.140853
105,153,258,1897.174361
102,157,259,1917.504274
105,154,259,1905.22219
106,154,260,1907.907179
104,157,261,1923.989145
106,155,261,1914.424571
107,154,261,1908.200466
106,156,262,1922.581125
107,155,262,1915.0675
108,156,264,1925.503495
108,157,265,1932.154304
108,158,266,1940.437592
109,157,266,1932.385191
110,159,269,1949.309062
110,160,270,1957.716504
